-0.30 -0.30 -0.22  0.23  0.28  0.23  0.15  0.25  0.78 
 0.00  0.00  0.00  0.00  0.12  0.00  0.00  0.00  0.00 
 0.00  0.16  0.33  0.07  0.23  0.25  0.06  0.20  1.43 
-0.22  0.29  0.34  0.26  0.19  0.11  0.21  0.16  1.43 
-0.26  0.00  0.34  0.31  0.29  0.02  0.05  0.17  0.42 
-0.15  0.05  0.16  0.36  0.30  0.13  0.13  0.08  0.31 
-0.30  0.19  0.30  0.28  0.33  0.19  0.23  0.32  1.18 
-0.30  0.25  0.21  0.26  0.22  0.17  0.32  1.15  0.55 
-0.30  0.30  0.22  0.39  0.28  0.15  0.35  0.31  0.39 
-0.21  0.35  0.30  0.33  0.36  0.25  0.21  0.46  0.48 
 0.02  0.19  0.17  0.29  0.29  0.28  0.13  0.54  0.30 
 0.04  0.00  0.00  0.00  0.00  0.22  0.01  0.14  0.00 
 0.23  0.25  0.31  0.29  0.32  0.27  1.42  0.31  0.27 
 0.10  0.24  0.24  0.41  0.25  0.34  1.42  0.36  0.18 
 0.19  0.15  0.30  1.05  0.31  0.40  1.08  0.59  0.34 
 0.31  0.30  0.26  0.46  0.40  0.45  1.28  0.49  0.29 
 0.25  0.05  0.00  0.87  0.14  0.37  1.30  0.42  0.22 
 0.04  0.00  0.03  0.56  0.00  0.00  0.00  0.00  0.08 
 0.22  0.35  0.38  1.43  1.43  1.43  0.44  0.41  0.24 
 0.32  0.32  0.77  1.43  1.43  1.43  0.41  0.39  0.24 
 0.24  0.39  0.48  1.43  1.43  1.43  0.50  0.34  0.31 
 0.34  0.29  0.62  1.43  1.43  1.43  0.57  0.28  0.26 
 0.00  0.00  0.40  1.43  1.43  0.00  0.41  0.11  0.07 
 0.00  0.00  0.00  0.00  0.00  0.00  0.00  0.00  0.00 
 0.39  0.45  1.42  0.41  0.28  0.37  0.35  0.30 -0.25 
 0.35  0.38  1.30  0.49  0.32  0.39  0.39  0.27 -0.08 
 0.32  1.30  0.80  0.69  0.40  0.38  0.23  0.21  0.21 
 0.35  0.51  0.91  0.67  0.39  0.42  0.19  0.23  0.39 
 0.05  0.82  1.09  0.84  1.01  0.45  0.05  0.03  0.00 
 0.00  0.00  1.40  0.00  0.00  0.00  0.01  0.00  0.00 
 1.11  0.54  0.38  0.31  0.27  0.26  0.31 -0.26 -0.30 
 0.37  0.56  0.40  0.23  0.22  0.24  0.33  0.26 -0.30 
 1.10  0.39  0.38  0.31  0.38  0.13  0.26  0.31 -0.30 
 0.60  0.33  0.33  0.32  0.40  0.13  0.16  0.27 -0.19 
 0.34  0.39  0.07  0.00  0.37  0.00  0.07  0.11  0.20 
 0.00  0.00  0.00  0.00  0.43  0.05  0.00  0.05  0.07 
 0.59  0.35  0.30  0.37  0.22  0.23 -0.09 -0.30 -0.30 
 0.00  0.00  0.00  0.00  0.00  0.00  0.00  0.00  0.00 
 1.43  0.20  0.11  0.00  0.05  0.00  0.00  0.00  0.00 
 1.25  0.00  0.28  0.38  0.07  0.23  0.16  0.19  0.00 
 0.16  0.13  0.09  0.40  0.31  0.27  0.08  0.18 -0.15 
 0.86  0.10  0.17  0.37  0.25  0.09  0.10 -0.09 -0.16 
-1.00 -1.00 -1.00 -1.00 -1.00 -1.00 -1.00 -1.00 -1.00 