-0.30 -0.30 -0.26  0.20  0.24  0.25  0.29  0.23  0.25  0.79 
-0.30 -0.30 -0.29  0.28  0.24  0.27  0.30  0.26  0.30  1.20 
-0.30 -0.29  0.17  0.20  0.24  0.19  0.23  0.32  0.26  0.66 
-0.26 -0.07  0.08  0.36  0.18  0.16  0.15  0.14  0.22  0.57 
-0.21 -0.03 -0.05  0.35  0.22  0.14  0.16  0.12  0.15  0.36 
-0.22 -0.15  0.01  0.50  0.12  0.11  0.14  0.11  0.21  0.17 
-0.30  0.02  0.19  0.18  0.16  0.13  0.13  0.26  1.17  0.33 
-0.30  0.18  0.34  0.38  0.16  0.18  0.19  0.39  0.67  0.40 
-0.30  0.21  0.32  0.36  0.18  0.24  0.23  0.22  0.78  0.94 
-0.29  0.23  0.21  0.40  0.31  0.28  0.28  0.40  0.50  0.74 
 0.07  0.00  0.08  0.24  0.33  0.11  0.14  0.38  0.69  0.44 
 0.00  0.00  0.00  1.07  0.21  0.00  0.00  0.00  0.00  0.31 
-0.10  0.13  0.29  0.32  0.36  0.37  0.33  1.25  1.28  0.27 
-0.06  0.16  0.25  0.37  0.40  0.40  0.38  1.43  1.15  0.30 
 0.19  0.24  0.33  1.16  0.37  0.37  0.38  0.75  0.91  0.33 
 0.18  0.13  0.22  1.38  0.26  0.32  0.31  0.58  0.75  0.30 
 0.05  0.08  0.10  0.65  0.76  0.28  0.00  1.43  1.37  0.05 
 0.00  0.00  0.00  1.07  0.00  0.00  0.21  0.00  0.00  0.00 
 0.24  0.30  0.52  1.43  1.43  1.43  1.43  0.56  0.40  0.25 
 0.26  0.33  0.57  1.43  1.43  0.92  1.43  0.40  0.32  0.32 
 0.27  0.34  0.66  1.43  1.43  0.66  1.43  0.36  0.35  0.19 
 0.13  0.31  0.46  1.43  1.43  1.43  1.43  0.58  0.34  0.13 
 0.04  0.00  0.55  1.43  1.43  1.43  1.38  0.57  0.00  0.10 
 0.00  0.00  0.00  0.00  0.00  0.00  0.00  0.00  0.00  0.00 
 0.16  0.70  1.39  0.36  0.44  0.37  0.37  0.21  0.22  0.10 
 0.15  1.23  1.41  0.41  0.31  0.33  0.43  0.24  0.22  0.17 
 0.28  0.69  0.58  1.06  0.38  1.17  0.36  0.26  0.15  0.06 
 0.30  0.40  0.95  1.43  0.96  0.35  0.29  0.29  0.17  0.17 
 0.00  1.30  0.00  1.43  0.00  0.00  0.20  0.00  0.00  0.10 
 0.11  0.00  0.00  0.00  0.21  1.23  0.21  0.20  0.00  0.11 
 1.20  0.47  0.28  0.19  0.26  0.19  0.21  0.22 -0.06 -0.30 
 0.92  0.73  0.20  0.40  0.31  0.18  0.22  0.29  0.15 -0.30 
 0.43  1.41  0.25  0.41  0.34  0.25  0.27  0.14  0.13 -0.30 
 0.43  0.44  0.27  0.41  0.34  0.18  0.18  0.18  0.13 -0.14 
 0.59  0.48  0.38  0.51  0.27  0.00  0.38  0.05  0.12  0.06 
 0.00  0.00  0.00  0.83  0.44  0.00  0.03  0.00  0.00  0.00 
 1.03  0.35  0.22  0.24  0.26  0.25  0.22  0.25 -0.30 -0.30 
 0.96  0.35  0.30  0.38  0.20  0.15  0.14 -0.29 -0.28 -0.30 
 0.56  0.30  0.14  0.27  0.20  0.14  0.11 -0.19 -0.30 -0.30 
 0.60  0.18  0.12  0.34  0.29  0.13  0.14  0.10 -0.21 -0.26 
 0.51  0.32  0.13  0.37  0.22  0.27  0.17 -0.01 -0.15 -0.26 
 0.07  0.31  0.05  0.55  0.16  0.24  0.21  0.05  0.15 -0.08 
-1.00 -1.00 -1.00 -1.00 -1.00 -1.00 -1.00 -1.00 -1.00 -1.00 