-0.30 -0.30 -0.12 -0.11  0.12 -0.06  0.10  0.24  0.16  7.14 
-0.30 -0.30 -0.14 -0.30  0.05  1.50  0.10  7.14  0.06  0.07 
-0.30 -0.21  0.08 -0.30 -0.19 -0.15  0.25  7.14  0.16  0.11 
-0.24 -0.22 -0.22 -0.22 -0.26 -0.01 -0.04  0.15  0.09  7.05 
-0.14 -0.03 -0.15 -0.15  0.00  0.38  0.00  0.26  0.04  0.06 
-0.15  0.00 -0.15 -0.15  0.00  0.00 -0.15  0.00  0.00  0.63 
-0.30 -0.25  1.57  0.13  0.23  7.14  0.31  0.10  0.18  0.53 
-0.30 -0.20  0.30 -0.23  0.18  7.14  1.91  0.17  1.05  0.19 
-0.26 -0.12  0.21 -0.30  0.40  0.09  0.27  0.16  7.14  0.44 
-0.19  0.08  6.93 -0.22 -0.22  0.47  1.00  0.08  0.14  0.28 
-0.15 -0.15  0.06 -0.15 -0.22  0.14  1.11  0.02  0.13  0.07 
-0.15  0.54  0.00  0.00 -0.15 -0.22  0.00  0.00  0.00  0.00 
-0.30  0.16  0.11  7.14  0.24  0.15  0.27  0.23  0.25  0.25 
-0.28  0.06  0.11  0.01  0.19  0.19  0.10  7.14  0.22  0.10 
-0.01  0.14  0.15 -0.28  0.24  0.10  0.28  7.14  0.10  0.90 
 0.01  0.14  0.23 -0.15 -0.15  6.03  0.26  0.08  0.38  0.04 
 0.00  0.66  0.00 -0.15  0.00  2.04  0.00  0.09  0.07  0.13 
 4.54  0.00  0.00  0.00 -0.15 -0.15 -0.15  0.21  0.07  0.00 
 0.09  0.14  0.15  7.14  0.17  0.34  0.14  0.17  0.21  0.16 
 0.37  0.91  0.19  1.68  7.14  0.40  0.20  0.05  0.11  0.17 
 0.25  0.53  0.04 -0.29  0.87  7.14  0.42  0.21  0.78  0.55 
 0.04  0.00  0.03 -0.22  0.66  4.82  0.06  0.03  0.06  0.09 
 0.29  0.00  0.00 -0.15  0.00  0.00  4.80  0.33  0.71  0.24 
 0.00  0.00  0.00  0.00  0.00  0.00  0.00  0.00  0.00  0.00 
 7.14  0.06  1.33  0.20  0.20  0.09  0.10  0.07  0.20 -0.28 
 0.16  0.08  0.07  0.05  7.14  0.42  0.13  0.10  0.67 -0.26 
 1.13  0.28  0.19 -0.29  0.51  0.19  0.25  0.19  7.14  0.09 
 0.04  0.24  0.08 -0.15  0.14  0.00  5.65  0.18  0.51  0.25 
 0.00  0.17  0.00 -0.22 -0.15 -0.07  4.22  0.00  0.00  0.00 
 0.00  0.00  0.00  0.00 -0.15 -0.15  0.00  0.00  4.17  0.00 
 0.14  0.27  0.16  0.23  0.15  0.13  0.19  7.14 -0.30 -0.30 
 7.14  0.15  0.07 -0.26  0.09  0.10  0.16  0.16 -0.24 -0.30 
 0.97  7.14  0.26 -0.30  0.13  0.13  0.30  0.21  0.47 -0.29 
 0.06  0.19  0.11 -0.22 -0.22  5.36  0.07  0.07 -0.11 -0.26 
 0.05 -0.10  0.00 -0.22 -0.22 -0.22  0.02  0.08 -0.15 -0.17 
 0.42  0.02  0.00 -0.15 -0.15 -0.15  1.22  0.01 -0.22 -0.22 
 1.17  7.14  0.12 -0.16  0.20  0.13  0.10  0.06 -0.30 -0.30 
 0.48  0.09  7.14 -0.30  0.04  0.20  0.19 -0.01 -0.30 -0.30 
 0.36  7.14  0.10 -0.29 -0.05 -0.17 -0.04  0.06 -0.27 -0.30 
 0.53  6.80  0.09 -0.22 -0.15  0.31 -0.04 -0.01 -0.26 -0.26 
 0.14  0.06  0.08 -0.22 -0.15 -0.15 -0.15  0.10 -0.22 -0.15 
 0.73  0.03  0.07  0.00 -0.15 -0.15  0.00  0.02 -0.15  0.00 
-1.00 -1.00 -1.00 -1.00 -1.00 -1.00 -1.00 -1.00 -1.00 -1.00 
