-0.3 -0.3 -0.12 -0.11 0.12 -0.06 0.1 0.24 0.16 7.14 
-0.3 -0.3 -0.14 -0.3 0.05 1.5 0.1 7.14 0.06 0.07 
-0.3 -0.21 0.08 -0.3 -0.19 -0.15 0.25 -0.05115768722060876 0.16 0.11 
-0.24 -0.22 -0.22 -0.22 -0.26 -0.01 -0.04 0.15 0.09 7.05 
-0.14 -0.03 -0.15 -0.15 0.0 0.38 0.0 0.26 0.04 0.06 
-0.15 0.0 -0.15 -0.15 0.0 0.0 -0.15 0.0 0.0 0.63 
-0.3 -0.25 1.57 0.13 0.23 7.14 0.31 0.1 0.18 0.53 
-0.3 -0.2 0.3 -0.23 0.18 0.6679999999999993 0.7333270122891198 0.17 0.92905631829783 0.19 
-0.26 -0.12 0.21 -0.3 -0.68 0.09 0.27 0.16 1.8500952007780342 0.38609286655999997 
-0.19 0.08 0.6259999999999994 -0.22 -0.22 0.47 1.0 0.08 0.14 0.28 
-0.15 -0.15 0.06 -0.15 -0.22 -0.7319999999999999 -0.538 0.02 0.19828944225585357 0.07 
-0.15 0.54 0.0 0.0 -0.15 -0.22 0.0 0.0 0.0 0.0 
-0.3 0.16 0.11 7.14 0.24 0.15 0.27 0.23 0.25 0.25 
-0.28 0.06 0.11 0.01 0.19 0.19 0.1 7.14 0.22 0.1 
-0.01 0.14 0.15 -0.28 0.24 0.1 0.28 1.2023276681075865 0.1 0.9 
0.01 0.14 0.23 -0.15 -0.15 1.5939887908242616 0.26 0.08 0.38 0.04 
0.0 -0.18976530366776156 0.0 -0.15 0.0 -0.018339990259865768 0.0 0.09 0.07 0.13 
0.1479999999999997 0.0 0.0 0.0 -0.15 -0.15 -0.15 0.21 0.07 0.0 
0.09 0.14 0.15 7.14 0.17 0.34 0.14 0.17 0.21 0.16 
0.37 0.98 0.19 0.9186790767542715 -0.1857763166305264 0.4 0.2 0.05 0.11 0.17 
0.25 0.53 0.04 -0.29 1.4142069525206584 0.7433666626172263 0.42 0.21 0.29628498700516953 0.55 
0.04 0.0 0.03 -0.22 0.3724512 1.5909670682082249 0.06 0.03 0.06 0.09 
-0.6835109017600001 0.0 0.0 -0.15 0.0 1.745708056576 -0.528026251709645 -0.469029169668574 -0.6180000000000001 -0.5357619922697996 
0.0 0.0 0.0 0.0 0.0 0.0 0.0 0.8 0.0 0.0 
7.14 0.06 1.33 0.2 0.2 0.09 0.1 0.07 0.2 -0.28 
0.16 0.08 0.07 0.05 4.215074918219371 0.42 0.13 0.1 0.67 -0.26 
-0.5340000000000003 1.389130519658447 0.19 -0.29 -0.5169725353653911 0.19 0.25 0.19 -0.011527653100165569 0.09 
0.04 0.24 0.08 -0.15 0.14 0.0 0.3526012533635119 0.18 0.6170919305587187 0.25 
0.0 0.17 0.0 -0.22 -0.15 -0.07 0.32154247674230607 0.0 0.0 0.0 
0.0 0.0 0.0 0.0 -0.15 -0.15 0.0 0.0 5.878381439999999 0.0 
0.14 0.27 0.16 0.23 0.15 0.13 0.19 7.14 -0.3 -0.3 
0.7107053065753369 0.15 0.07 -0.26 0.09 0.1 0.16 0.16 -0.24 -0.3 
-0.36161501639793436 1.4289981662100628 0.26 -0.3 0.13 0.13 0.3 0.21 0.47 -0.29 
0.06 0.9592414926168442 0.11 -0.22 -0.22 -0.700096 0.07 0.07 -0.11 -0.26 
-0.75 -0.1 0.0 -0.22 -0.22 -0.22 0.02 -0.74464 -0.15 -0.17 
0.42 0.02 0.0 -0.15 -0.15 -0.15 1.22 0.01 -0.22 -0.22 
1.17 7.14 0.12 -0.16 0.2 0.13 0.1 0.06 -0.3 -0.3 
0.48 0.09 3.453292947402794 -0.3 0.04 0.2 0.19 -0.01 -0.3 -0.3 
0.13874763094990783 0.6679999999999993 0.1 -0.29 -0.05 -0.17 -0.04 0.06 -0.27 -0.3 
0.53 6.8 0.09 -0.22 -0.15 0.31 -0.04 -0.01 -0.26 -0.26 
0.14 0.06 0.08 -0.22 -0.15 -0.15 -0.15 0.1 -0.22 -0.15 
0.73 0.03 0.07 0.0 -0.15 -0.15 0.0 0.02 -0.15 0.0 
-1.0 -1.0 -1.0 -1.0 -1.0 -1.0 -1.0 -1.0 -1.0 -1.0 
